cam0:
  cam_overlaps: []
  camera_model: pinhole
  distortion_coeffs: [-0.2307023996001985, 0.049550895377129624, -0.0009484815455185783,
    0.0009304520128838048]
  distortion_model: radtan
  intrinsics: [913.5393166384994, 914.429396606043, 947.2807815486899, 566.8384038683074]
  resolution: [1920, 1080]
  rostopic: /cam0/image_raw
