[Rgb]
device_id = "/dev/v4l/by-id/usb-e-con_Systems_See3CAM_CU20_07190204-video-index0"
width = 1920
height = 1080
fps = 30
fx = 913.5393166384994
fy = 914.429396606043
cx = 947.2807815486899
cy = 566.8384038683074
k1 = -0.2307023996001985
k2 = 0.049550895377129624
k3 = -0.0009484815455185783
k4 = 0.0009304520128838048
k5 = 0
k6 = 0
