[Rgb]
device_id = ""
width = 0
height = 0
fps = 30
fx = 0.0
fy = 0.0
cx = 0.0
cy = 0.0
k1 = 0.0
k2 = 0.0
k3 = 0.0
k4 = 0.0